1,0,8,2019-01-24
1,0,8,2019-01-24
1,0,8,2019-01-24
1,0,8,2019-01-24
2,0,8,2019-01-24
4,0,8,2019-01-24
6,0,8,2019-01-24
1,0,8,2019-01-24
3,0,8,2019-01-24
0,0,8,2019-01-24
3,0,8,2019-01-24
1,0,8,2019-01-24
1,0,8,2019-01-24
2,0,8,2019-01-24
1,0,8,2019-01-24
5,0,8,2019-01-24
1,0,8,2019-01-24
1,0,8,2019-01-24
1,0,8,2019-01-24
1,0,8,2019-01-24
1,0,8,2019-01-24
1,0,8,2019-01-24
1,0,8,2019-01-24
2,0,8,2019-01-24
2,0,8,2019-01-24
1,0,8,2019-01-24
1,0,8,2019-01-24
1,0,8,2019-01-24
1,0,8,2019-01-24
1,0,8,2019-01-24
1,0,8,2019-01-24
3,0,8,2019-01-24
1,0,8,2019-01-24
